x1 =

   2.0056
   1.3810